test user num: 63
make recomendation for ecah user from how many songs :2234
+-------+-------------+------------+
|id_user|listened_song|not_listened|
+-------+-------------+------------+
|    367|           39|        2195|
|    415|           62|        2172|
|    112|           50|        2184|
|    385|           78|        2156|
|    113|           35|        2199|
|    427|           34|        2200|
|    184|           55|        2179|
|    830|           57|        2177|
|    202|           50|        2184|
|    274|           36|        2198|
|    417|           48|        2186|
|    752|           43|        2191|
|     39|           61|        2173|
|    181|           81|        2153|
|    925|           45|        2189|
|     95|           37|        2197|
|    915|           52|        2182|
|    193|           73|        2161|
|    215|           92|        2142|
|    968|           35|        2199|
+-------+-------------+------------+
only showing top 20 rows

+-------+-------------+------------+
|id_user|listened_song|not_listened|
+-------+-------------+------------+
|    385|           78|        2156|
|     39|           61|        2173|
|    181|           81|        2153|
|    193|           73|        2161|
|    968|           35|        2199|
|    498|          162|        2072|
+-------+-------------+------------+

MPR step 1
+-------+--------+----+--------------------+-----+
|id_user|id_track|rank|            track_id|count|
+-------+--------+----+--------------------+-----+
|    498|    9676|   1|824ec953-d221-448...|   15|
|    498|    6615|   2|                null|    0|
|    498|   12117|   3|                null|    0|
|    498|   10697|   4|                null|    0|
|    498|   12137|   5|                null|    0|
|    498|   26281|   6|                null|    0|
|    498|    1338|   7|                null|    0|
|    498|   29344|   8|                null|    0|
|    498|   29425|   9|                null|    0|
|    498|    1363|  10|                null|    0|
|    498|   13897|  11|                null|    0|
|    498|   29994|  12|e1b78eb2-692e-4de...|    8|
|    498|   11526|  13|                null|    0|
|    498|   18130|  14|                null|    0|
|    498|   28068|  15|                null|    0|
|    498|   30018|  16|                null|    0|
|    498|    3518|  17|                null|    0|
|    498|    4537|  18|                null|    0|
|    498|   14322|  19|a1818245-54db-488...|   20|
|    498|    4546|  20|                null|    0|
+-------+--------+----+--------------------+-----+
only showing top 20 rows

+-------+--------+----+--------------------+-----+
|id_user|id_track|rank|            track_id|count|
+-------+--------+----+--------------------+-----+
|    385|    6676|   1|                null|    0|
|    385|   23388|   2|8d8f0e7b-bd40-4fa...|    2|
|    385|   28080|   3|                null|    0|
|    385|   12450|   4|567edbb6-720e-411...|   66|
|    385|    1325|   5|                null|    0|
|    385|   14378|   6|                null|    0|
|    385|   29344|   7|ca4b6e60-eed5-48c...|  164|
|    385|   13897|   8|                null|    0|
|    385|   14428|   9|                null|    0|
|    385|    5524|  10|                null|    0|
|    385|   29409|  11|                null|    0|
|    385|   26244|  12|                null|    0|
|    385|    3543|  13|75c52d44-4f0e-4dd...|   36|
|    385|   14536|  14|                null|    0|
|    385|   12475|  15|                null|    0|
|    385|   29736|  16|fccfbd2f-0e08-4d2...|    8|
|    385|   30032|  17|                null|    0|
|    385|   30018|  18|                null|    0|
|    385|    4642|  19|                null|    0|
|    385|   18776|  20|                null|    0|
+-------+--------+----+--------------------+-----+
only showing top 20 rows

+-------+--------+----+--------------------+-----+
|id_user|id_track|rank|            track_id|count|
+-------+--------+----+--------------------+-----+
|    193|   23894|   1|                null|    0|
|    193|   22505|   2|                null|    0|
|    193|   17975|   3|                null|    0|
|    193|   28068|   4|                null|    0|
|    193|   15777|   5|b751826e-17cd-4ad...|   11|
|    193|    5837|   6|                null|    0|
|    193|   15766|   7|                null|    0|
|    193|   11471|   8|                null|    0|
|    193|   13740|   9|                null|    0|
|    193|   30032|  10|5e932517-f858-444...|    3|
|    193|    5932|  11|                null|    0|
|    193|    9844|  12|                null|    0|
|    193|   10584|  13|                null|    0|
|    193|   23332|  14|                null|    0|
|    193|   27928|  15|                null|    0|
|    193|   31573|  16|                null|    0|
|    193|   31594|  17|                null|    0|
|    193|   29378|  18|                null|    0|
|    193|   11509|  19|                null|    0|
|    193|   15130|  20|                null|    0|
+-------+--------+----+--------------------+-----+
only showing top 20 rows

+-------+--------+----+--------------------+-----+
|id_user|id_track|rank|            track_id|count|
+-------+--------+----+--------------------+-----+
|    181|   14322|   1|a1818245-54db-488...|   56|
|    181|    9676|   2|                null|    0|
|    181|   27972|   3|                null|    0|
|    181|   20776|   4|                null|    0|
|    181|   30060|   5|                null|    0|
|    181|   29425|   6|da1308d1-6037-4ba...|   16|
|    181|    7766|   7|                null|    0|
|    181|   14469|   8|                null|    0|
|    181|   18096|   9|                null|    0|
|    181|   13862|  10|                null|    0|
|    181|   22488|  11|                null|    0|
|    181|   12093|  12|                null|    0|
|    181|   26289|  13|                null|    0|
|    181|    3650|  14|                null|    0|
|    181|   29803|  15|                null|    0|
|    181|    3518|  16|                null|    0|
|    181|   12117|  17|                null|    0|
|    181|   14528|  18|                null|    0|
|    181|    6526|  19|                null|    0|
|    181|    7794|  20|                null|    0|
+-------+--------+----+--------------------+-----+
only showing top 20 rows

+-------+--------+----+--------------------+-----+
|id_user|id_track|rank|            track_id|count|
+-------+--------+----+--------------------+-----+
|    968|    5828|   1|                null|    0|
|    968|   23894|   2|                null|    0|
|    968|    5837|   3|                null|    0|
|    968|   26163|   4|                null|    0|
|    968|   10697|   5|                null|    0|
|    968|   12068|   6|                null|    0|
|    968|   12551|   7|                null|    0|
|    968|    5501|   8|                null|    0|
|    968|   10723|   9|ce4aaed1-0a9e-4d9...|   11|
|    968|   20779|  10|                null|    0|
|    968|   14309|  11|                null|    0|
|    968|    4678|  12|                null|    0|
|    968|   29641|  13|                null|    0|
|    968|   13843|  14|                null|    0|
|    968|   15769|  15|                null|    0|
|    968|    1372|  16|                null|    0|
|    968|    7847|  17|                null|    0|
|    968|   11469|  18|                null|    0|
|    968|   10677|  19|                null|    0|
|    968|   14539|  20|                null|    0|
+-------+--------+----+--------------------+-----+
only showing top 20 rows

+-------+--------+----+--------------------+-----+
|id_user|id_track|rank|            track_id|count|
+-------+--------+----+--------------------+-----+
|     39|   30153|   1|                null|    0|
|     39|   12414|   2|                null|    0|
|     39|   15506|   3|                null|    0|
|     39|   23931|   4|                null|    0|
|     39|   31640|   5|                null|    0|
|     39|   17986|   6|                null|    0|
|     39|   18110|   7|                null|    0|
|     39|   13829|   8|e7e7c3b8-0b9f-4c1...|   30|
|     39|   15753|   9|                null|    0|
|     39|   15692|  10|c48ff423-0380-48f...|  120|
|     39|    4548|  11|                null|    0|
|     39|   26171|  12|                null|    0|
|     39|   14385|  13|                null|    0|
|     39|   14322|  14|                null|    0|
|     39|    5870|  15|                null|    0|
|     39|   13839|  16|                null|    0|
|     39|   18096|  17|                null|    0|
|     39|   20775|  18|                null|    0|
|     39|   15260|  19|                null|    0|
|     39|    5854|  20|                null|    0|
+-------+--------+----+--------------------+-----+
only showing top 20 rows

+------------------+-------------------+-------------------+-----------------+-----------------+
|       avg 1-score|                MPR|                MRR|            MPR*k|            1/MRR|
+------------------+-------------------+-------------------+-----------------+-----------------+
|0.5494045282302152|0.25915617511086175|0.37480834488930403|578.9548951976651|2.668030244351524|
+------------------+-------------------+-------------------+-----------------+-----------------+

+------------------+-------------------+
|       model      |                MPR|
+------------------+-------------------+
|Item-based        |0.4685394411190549 |
+------------------+-------------------+
|ALS(explicit)     |0.4527974407436818 |
+------------------+-------------------+
|ALS(implicit)     |0.2591561751108617 |
+------------------+-------------------+


ALS_explicit
MPR step 1
MPR step 1
+-------+--------+----+--------------------+-----+
|id_user|id_track|rank|            track_id|count|
+-------+--------+----+--------------------+-----+
|    498|   22468|   1|                null|    0|
|    498|   11450|   2|                null|    0|
|    498|   12476|   3|                null|    0|
|    498|    5365|   4|                null|    0|
|    498|   23832|   5|                null|    0|
|    498|   22575|   6|                null|    0|
|    498|   26259|   7|                null|    0|
|    498|   12159|   8|                null|    0|
|    498|   22547|   9|                null|    0|
|    498|   29424|  10|9cd8da0d-4fce-463...|    1|
|    498|   18110|  11|                null|    0|
|    498|   10558|  12|                null|    0|
|    498|    3677|  13|                null|    0|
|    498|   18862|  14|                null|    0|
|    498|   16543|  15|35abd28f-c942-411...|    1|
|    498|   13889|  16|                null|    0|
|    498|   14463|  17|                null|    0|
|    498|   23885|  18|                null|    0|
|    498|   26279|  19|                null|    0|
|    498|   14323|  20|                null|    0|
+-------+--------+----+--------------------+-----+
only showing top 20 rows

+-------+--------+----+--------------------+-----+
|id_user|id_track|rank|            track_id|count|
+-------+--------+----+--------------------+-----+
|    385|   12476|   1|                null|    0|
|    385|   11450|   2|                null|    0|
|    385|   22468|   3|                null|    0|
|    385|    5365|   4|                null|    0|
|    385|   29677|   5|                null|    0|
|    385|    7721|   6|                null|    0|
|    385|   23832|   7|                null|    0|
|    385|   19462|   8|                null|    0|
|    385|   22547|   9|                null|    0|
|    385|   18110|  10|                null|    0|
|    385|   14323|  11|911f073c-bcd0-463...|  360|
|    385|   16619|  12|                null|    0|
|    385|   23885|  13|                null|    0|
|    385|   26279|  14|                null|    0|
|    385|   15130|  15|                null|    0|
|    385|   14520|  16|                null|    0|
|    385|   22575|  17|                null|    0|
|    385|   31669|  18|                null|    0|
|    385|   17959|  19|                null|    0|
|    385|   23406|  20|                null|    0|
+-------+--------+----+--------------------+-----+
only showing top 20 rows

+-------+--------+----+--------------------+-----+
|id_user|id_track|rank|            track_id|count|
+-------+--------+----+--------------------+-----+
|    193|   29677|   1|                null|    0|
|    193|   22547|   2|                null|    0|
|    193|   16555|   3|                null|    0|
|    193|   10558|   4|                null|    0|
|    193|   18110|   5|                null|    0|
|    193|    3677|   6|                null|    0|
|    193|   18862|   7|                null|    0|
|    193|    9778|   8|                null|    0|
|    193|   30021|   9|                null|    0|
|    193|   23885|  10|                null|    0|
|    193|    5365|  11|                null|    0|
|    193|   15130|  12|                null|    0|
|    193|    3578|  13|                null|    0|
|    193|    7772|  14|                null|    0|
|    193|   23832|  15|                null|    0|
|    193|   14279|  16|                null|    0|
|    193|   19534|  17|                null|    0|
|    193|    5987|  18|                null|    0|
|    193|   16619|  19|                null|    0|
|    193|    7721|  20|6705733a-0545-465...|    4|
+-------+--------+----+--------------------+-----+
only showing top 20 rows

+-------+--------+----+--------------------+-----+
|id_user|id_track|rank|            track_id|count|
+-------+--------+----+--------------------+-----+
|    181|    5365|   1|                null|    0|
|    181|   11450|   2|                null|    0|
|    181|   22468|   3|                null|    0|
|    181|   23832|   4|                null|    0|
|    181|   12159|   5|                null|    0|
|    181|   22547|   6|                null|    0|
|    181|   26259|   7|                null|    0|
|    181|    7772|   8|                null|    0|
|    181|   29424|   9|                null|    0|
|    181|   14323|  10|                null|    0|
|    181|   30021|  11|                null|    0|
|    181|   14463|  12|                null|    0|
|    181|    3578|  13|                null|    0|
|    181|   17959|  14|                null|    0|
|    181|   14508|  15|                null|    0|
|    181|   16543|  16|                null|    0|
|    181|   13889|  17|                null|    0|
|    181|   23406|  18|8867acd4-3370-445...|    1|
|    181|   26279|  19|                null|    0|
|    181|    5854|  20|                null|    0|
+-------+--------+----+--------------------+-----+
only showing top 20 rows

+-------+--------+----+--------+-----+
|id_user|id_track|rank|track_id|count|
+-------+--------+----+--------+-----+
|    968|   12159|   1|    null|    0|
|    968|   10558|   2|    null|    0|
|    968|    3677|   3|    null|    0|
|    968|   18862|   4|    null|    0|
|    968|   15130|   5|    null|    0|
|    968|   22575|   6|    null|    0|
|    968|   12476|   7|    null|    0|
|    968|   16555|   8|    null|    0|
|    968|   26259|   9|    null|    0|
|    968|   30021|  10|    null|    0|
|    968|    3578|  11|    null|    0|
|    968|   29424|  12|    null|    0|
|    968|   22547|  13|    null|    0|
|    968|   18110|  14|    null|    0|
|    968|   23885|  15|    null|    0|
|    968|   26279|  16|    null|    0|
|    968|   14279|  17|    null|    0|
|    968|   16619|  18|    null|    0|
|    968|    9778|  19|    null|    0|
|    968|   27999|  20|    null|    0|
+-------+--------+----+--------+-----+
only showing top 20 rows

+-------+--------+----+--------------------+-----+
|id_user|id_track|rank|            track_id|count|
+-------+--------+----+--------------------+-----+
|     39|   11450|   1|                null|    0|
|     39|    5365|   2|                null|    0|
|     39|   22468|   3|                null|    0|
|     39|   12159|   4|                null|    0|
|     39|   23832|   5|                null|    0|
|     39|   10558|   6|                null|    0|
|     39|   22575|   7|                null|    0|
|     39|    3677|   8|                null|    0|
|     39|   18862|   9|                null|    0|
|     39|   26259|  10|                null|    0|
|     39|   18110|  11|                null|    0|
|     39|   14323|  12|                null|    0|
|     39|   15130|  13|                null|    0|
|     39|   30021|  14|                null|    0|
|     39|   10676|  15|0f530514-9275-45f...|    2|
|     39|   23885|  16|                null|    0|
|     39|   29424|  17|                null|    0|
|     39|   16619|  18|                null|    0|
|     39|   14463|  19|                null|    0|
|     39|    5870|  20|                null|    0|
+-------+--------+----+--------------------+-----+
only showing top 20 rows

+------------------+------------------+-------------------+------------------+-----------------+
|       avg 1-score|               MPR|                MRR|             MPR*k|            1/MRR|
+------------------+------------------+-------------------+------------------+-----------------+
|0.9999999820189756|0.4527974407436818|0.11503600799435164|1011.5494826213851|8.692930304475627|
+------------------+------------------+-------------------+------------------+-----------------+



item_based_recomment

+-------------------+------------------+-------------------+------------------+-----------------+
|        avg 1-score|               MPR|                MRR|             MPR*k|            1/MRR|
+-------------------+------------------+-------------------+------------------+-----------------+
|-3.5209768236175747|0.4685394411190549|0.15083894865123953|1046.7171114599687|6.629587443705525|
+-------------------+------------------+-------------------+------------------+-----------------+

+-------+---------+----+--------------------+-----+
|id_user|test_song|rank|            track_id|count|
+-------+---------+----+--------------------+-----+
|    498|    22488|   1|                null|    0|
|    498|    18843|   2|f08eaeba-c15f-428...|    7|
|    498|    12549|   3|                null|    0|
|    498|     5935|   4|                null|    0|
|    498|     4524|   5|                null|    0|
|    498|     5395|   6|                null|    0|
|    498|    15655|   7|                null|    0|
|    498|    15187|   8|                null|    0|
|    498|    22554|   9|                null|    0|
|    498|    10575|  10|                null|    0|
|    498|    14249|  11|                null|    0|
|    498|     4621|  12|                null|    0|
|    498|    29300|  13|                null|    0|
|    498|    20716|  14|7c486dce-700d-480...|    1|
|    498|     7753|  15|                null|    0|
|    498|    10641|  16|c4d23e6d-b0e8-438...|    2|
|    498|    23844|  17|                null|    0|
|    498|     7882|  18|9ce90b67-8ac5-472...|    8|
|    498|    29759|  19|                null|    0|
|    498|    31580|  20|                null|    0|
+-------+---------+----+--------------------+-----+
only showing top 20 rows

+-------+---------+----+--------------------+-----+
|id_user|test_song|rank|            track_id|count|
+-------+---------+----+--------------------+-----+
|    385|     4640|   1|c741a7ef-dd33-4c7...|   42|
|    385|     9676|   2|                null|    0|
|    385|    30130|   3|                null|    0|
|    385|     5932|   4|                null|    0|
|    385|     6526|   5|                null|    0|
|    385|    14539|   6|                null|    0|
|    385|    12173|   7|                null|    0|
|    385|     4546|   8|                null|    0|
|    385|    14322|   9|                null|    0|
|    385|     4558|  10|                null|    0|
|    385|    16623|  11|                null|    0|
|    385|    10653|  12|                null|    0|
|    385|    12093|  13|                null|    0|
|    385|    18130|  14|                null|    0|
|    385|     9779|  15|                null|    0|
|    385|     7766|  16|                null|    0|
|    385|    18817|  17|                null|    0|
|    385|    18096|  18|                null|    0|
|    385|     3518|  19|                null|    0|
|    385|    28068|  20|                null|    0|
+-------+---------+----+--------------------+-----+
only showing top 20 rows

+-------+---------+----+--------------------+-----+
|id_user|test_song|rank|            track_id|count|
+-------+---------+----+--------------------+-----+
|    193|    20743|   1|                null|    0|
|    193|     3613|   2|                null|    0|
|    193|     5853|   3|                null|    0|
|    193|    19414|   4|                null|    0|
|    193|    15779|   5|                null|    0|
|    193|    30152|   6|                null|    0|
|    193|    30157|   7|                null|    0|
|    193|    10565|   8|                null|    0|
|    193|    26174|   9|                null|    0|
|    193|    23374|  10|                null|    0|
|    193|    14296|  11|                null|    0|
|    193|    10701|  12|                null|    0|
|    193|     9819|  13|                null|    0|
|    193|    10605|  14|                null|    0|
|    193|    22597|  15|                null|    0|
|    193|     1352|  16|5ae56635-a32c-430...|    2|
|    193|    23288|  17|                null|    0|
|    193|     6601|  18|                null|    0|
|    193|    15785|  19|                null|    0|
|    193|    20697|  20|                null|    0|
+-------+---------+----+--------------------+-----+
only showing top 20 rows

+-------+---------+----+--------+-----+
|id_user|test_song|rank|track_id|count|
+-------+---------+----+--------+-----+
|    181|     9719|   1|    null|    0|
|    181|    23837|   2|    null|    0|
|    181|     1342|   3|    null|    0|
|    181|    29702|   4|    null|    0|
|    181|     6654|   5|    null|    0|
|    181|     9731|   6|    null|    0|
|    181|    29685|   7|    null|    0|
|    181|    14329|   8|    null|    0|
|    181|    17954|   9|    null|    0|
|    181|    27929|  10|    null|    0|
|    181|    15625|  11|    null|    0|
|    181|    18069|  12|    null|    0|
|    181|     5960|  13|    null|    0|
|    181|    23269|  14|    null|    0|
|    181|    18017|  15|    null|    0|
|    181|     4598|  16|    null|    0|
|    181|    12112|  17|    null|    0|
|    181|    22598|  18|    null|    0|
|    181|    15671|  19|    null|    0|
|    181|    22553|  20|    null|    0|
+-------+---------+----+--------+-----+
only showing top 20 rows

+-------+---------+----+--------+-----+
|id_user|test_song|rank|track_id|count|
+-------+---------+----+--------+-----+
|    968|     4568|   1|    null|    0|
|    968|     3562|   2|    null|    0|
|    968|     4644|   3|    null|    0|
|    968|    14227|   4|    null|    0|
|    968|    26244|   5|    null|    0|
|    968|    30121|   6|    null|    0|
|    968|    10656|   7|    null|    0|
|    968|    15607|   8|    null|    0|
|    968|    22488|   9|    null|    0|
|    968|     6667|  10|    null|    0|
|    968|     1325|  11|    null|    0|
|    968|    15279|  12|    null|    0|
|    968|    23931|  13|    null|    0|
|    968|    14552|  14|    null|    0|
|    968|    27935|  15|    null|    0|
|    968|     9771|  16|    null|    0|
|    968|    18791|  17|    null|    0|
|    968|    18812|  18|    null|    0|
|    968|     1343|  19|    null|    0|
|    968|    23332|  20|    null|    0|
+-------+---------+----+--------+-----+
only showing top 20 rows

+-------+---------+----+--------------------+-----+
|id_user|test_song|rank|            track_id|count|
+-------+---------+----+--------------------+-----+
|     39|    23892|   1|                null|    0|
|     39|    29729|   2|                null|    0|
|     39|    14363|   3|                null|    0|
|     39|     1329|   4|                null|    0|
|     39|    13793|   5|                null|    0|
|     39|    19580|   6|                null|    0|
|     39|     6634|   7|                null|    0|
|     39|    18103|   8|                null|    0|
|     39|    19466|   9|                null|    0|
|     39|    23277|  10|                null|    0|
|     39|     7722|  11|                null|    0|
|     39|    26300|  12|                null|    0|
|     39|    12468|  13|                null|    0|
|     39|     9790|  14|                null|    0|
|     39|    23381|  15|                null|    0|
|     39|    26133|  16|                null|    0|
|     39|    23851|  17|                null|    0|
|     39|     1346|  18|e1d408d7-8017-488...|    2|
|     39|    31627|  19|                null|    0|
|     39|    13776|  20|                null|    0|
+-------+---------+----+--------------------+-----+
